,Clean Rank,Country,Happiness Change,Happiness Score,Overall Rank,Position Change,Report Year
0,0,Denmark,-0.001000000000000334,7.526,1.0,2,2016
1,1,Switzerland,-0.07800000000000118,7.5089999999999995,2.0,-1,2016
2,2,Iceland,-0.05999999999999961,7.501,3.0,-1,2016
3,3,Norway,-0.02400000000000091,7.497999999999999,4.0,0,2016
4,4,Finland,0.006999999999998785,7.412999999999999,5.0,1,2016
5,5,Canada,-0.023000000000000576,7.404,6.0,-1,2016
6,6,Netherlands,-0.0389999999999997,7.3389999999999995,7.0,0,2016
7,7,New Zealand,0.047999999999999154,7.334,8.0,1,2016
8,8,Australia,0.028999999999999915,7.313,9.0,1,2016
9,9,Sweden,-0.07299999999999951,7.291,10.0,-2,2016
10,10,Israel,-0.010999999999999233,7.267,11.0,0,2016
11,11,Austria,-0.0810000000000004,7.119,12.0,1,2016
12,12,United States,-0.01499999999999968,7.104,13.0,2,2016
13,13,Costa Rica,-0.13899999999999935,7.087000000000001,14.0,-2,2016
14,14,Germany,0.24399999999999977,6.994,16.0,9,2016
15,15,Brazil,-0.030999999999998806,6.952000000000001,17.0,0,2016
16,16,Belgium,-0.008000000000000895,6.928999999999999,18.0,2,2016
17,17,Ireland,-0.03300000000000036,6.907,19.0,0,2016
18,18,Luxembourg,-0.07500000000000018,6.871,20.0,-2,2016
19,19,Mexico,-0.4090000000000007,6.778,21.0,-6,2016
20,20,Singapore,-0.058999999999999275,6.739,22.0,1,2016
21,21,United Kingdom,-0.14200000000000124,6.725,23.0,-2,2016
22,22,Chile,0.03500000000000014,6.705,24.0,2,2016
23,23,Panama,-0.08499999999999996,6.7010000000000005,25.0,-1,2016
24,24,Argentina,0.07600000000000051,6.65,26.0,2,2016
25,25,Czech Republic,0.09100000000000019,6.596,27.0,2,2016
26,26,Uruguay,0.05999999999999961,6.545,29.0,2,2016
27,27,Malta,0.18599999999999905,6.4879999999999995,30.0,6,2016
28,28,Colombia,0.0039999999999995595,6.481,31.0,1,2016
29,29,France,-0.09700000000000042,6.478,32.0,-4,2016
30,30,Thailand,0.019000000000000128,6.474,33.0,0,2016
31,31,Saudi Arabia,-0.03200000000000092,6.379,34.0,0,2016
32,32,Spain,0.03200000000000092,6.361000000000001,37.0,0,2016
33,33,Algeria,0.75,6.355,38.0,26,2016
34,34,Guatemala,0.2010000000000005,6.324,39.0,2,2016
35,35,Kuwait,-0.05600000000000005,6.239,41.0,-1,2016
36,36,Bahrain,0.258,6.218,42.0,6,2016
37,37,Venezuela,-0.726,6.084,44.0,-17,2016
38,38,Slovakia,0.0829999999999993,6.077999999999999,45.0,0,2016
39,39,El Salvador,-0.06200000000000028,6.068,46.0,-4,2016
40,40,Malaysia,0.23500000000000032,6.005,47.0,13,2016
41,41,Nicaragua,0.16400000000000148,5.992000000000001,48.0,8,2016
42,42,Uzbekistan,-0.015999999999999126,5.987,49.0,-5,2016
43,43,Italy,0.029000000000000803,5.977,50.0,0,2016
44,44,Ecuador,0.001000000000000334,5.976,51.0,-3,2016
45,45,Japan,-0.06599999999999984,5.921,53.0,-6,2016
46,46,Kazakhstan,0.06399999999999917,5.919,54.0,0,2016
47,47,Russia,0.13999999999999968,5.856,56.0,9,2016
48,48,Poland,0.043999999999999595,5.835,57.0,4,2016
49,49,South Korea,-0.14900000000000002,5.835,57.0,-9,2016
50,50,Bolivia,-0.06799999999999962,5.822,59.0,-6,2016
51,51,Lithuania,-0.019999999999999574,5.813,60.0,-3,2016
52,52,Belarus,-0.010999999999999233,5.8020000000000005,61.0,-1,2016
53,53,Slovenia,-0.08000000000000007,5.768,63.0,-6,2016
54,54,Peru,-0.0810000000000004,5.742999999999999,64.0,-4,2016
55,55,Turkmenistan,0.11000000000000032,5.6579999999999995,65.0,6,2016
56,56,Mauritius,0.17099999999999937,5.648,66.0,6,2016
57,57,Libya,-0.13899999999999935,5.615,67.0,-2,2016
58,58,Latvia,0.46199999999999974,5.56,68.0,19,2016
59,59,Cyprus,-0.1429999999999998,5.546,69.0,-1,2016
60,60,Paraguay,-0.33999999999999986,5.537999999999999,70.0,-15,2016
61,61,Romania,0.4039999999999999,5.528,71.0,13,2016
62,62,Estonia,0.08800000000000097,5.517,72.0,1,2016
63,63,Jamaica,-0.19899999999999984,5.51,73.0,-6,2016
64,64,Croatia,-0.2709999999999999,5.4879999999999995,74.0,-10,2016
65,65,Kosovo,-0.18799999999999972,5.401,77.0,-5,2016
66,66,Turkey,0.05699999999999861,5.388999999999999,78.0,-1,2016
67,67,Jordan,0.11099999999999977,5.303,80.0,3,2016
68,68,Azerbaijan,0.07899999999999974,5.291,81.0,0,2016
69,69,Philippines,0.20599999999999952,5.279,82.0,9,2016
70,70,China,0.10500000000000043,5.245,83.0,2,2016
71,71,Kyrgyzstan,-0.10100000000000087,5.185,85.0,-5,2016
72,72,Serbia,0.05400000000000116,5.1770000000000005,86.0,3,2016
73,73,Montenegro,-0.030999999999999694,5.1610000000000005,88.0,-2,2016
74,74,Dominican Republic,0.27000000000000046,5.155,89.0,7,2016
75,75,Morocco,0.1379999999999999,5.151,90.0,4,2016
76,76,Hungary,0.34499999999999975,5.145,91.0,8,2016
77,77,Pakistan,-0.06199999999999939,5.132000000000001,92.0,-8,2016
78,78,Lebanon,0.29000000000000004,5.129,93.0,5,2016
79,79,Portugal,0.02099999999999902,5.122999999999999,94.0,-3,2016
80,80,Vietnam,-0.2990000000000004,5.061,96.0,-16,2016
81,81,Tunisia,0.30600000000000005,5.045,98.0,6,2016
82,82,Tajikistan,0.20999999999999996,4.996,100.0,4,2016
83,83,Mongolia,0.03300000000000036,4.907,101.0,-1,2016
84,84,Nigeria,-0.3929999999999998,4.875,103.0,-17,2016
85,85,Honduras,0.08300000000000018,4.871,104.0,0,2016
86,86,Iran,0.12699999999999978,4.813,105.0,4,2016
87,87,Zambia,-0.33399999999999963,4.795,106.0,-14,2016
88,88,Nepal,0.2790000000000008,4.793,107.0,10,2016
89,89,Palestinian Territories,0.0389999999999997,4.754,108.0,-1,2016
90,90,Albania,-0.3039999999999994,4.655,109.0,-10,2016
91,91,Bangladesh,-0.051000000000000156,4.643,110.0,-2,2016
92,92,Cameroon,0.2610000000000001,4.513,114.0,16,2016
93,93,Ethiopia,-0.0039999999999995595,4.508,115.0,6,2016
94,94,South Africa,-0.18299999999999983,4.459,116.0,-2,2016
95,95,Sri Lanka,0.14400000000000013,4.415,117.0,12,2016
96,96,India,-0.16100000000000048,4.404,118.0,0,2016
97,97,Myanmar,0.08800000000000008,4.395,119.0,7,2016
98,98,Egypt,0.16800000000000015,4.362,120.0,11,2016
99,99,Armenia,0.010000000000000675,4.36,121.0,3,2016
100,100,Kenya,-0.06299999999999972,4.356,122.0,1,2016
101,101,Ukraine,-0.3570000000000002,4.324,123.0,-10,2016
102,102,Ghana,-0.3570000000000002,4.276,124.0,-9,2016
103,103,Georgia,-0.04499999999999993,4.252,126.0,2,2016
104,104,Congo (Brazzaville),0.24700000000000077,4.236000000000001,127.0,8,2016
105,105,Senegal,0.3149999999999995,4.218999999999999,128.0,9,2016
106,106,Mauritania,-0.23499999999999943,4.2010000000000005,130.0,-6,2016
107,107,Zimbabwe,-0.4169999999999998,4.1930000000000005,131.0,-13,2016
108,108,Malawi,-0.13599999999999923,4.156000000000001,132.0,-2,2016
109,109,Gabon,0.2250000000000001,4.121,134.0,6,2016
110,110,Mali,0.07800000000000029,4.073,135.0,1,2016
111,111,Haiti,-0.4899999999999993,4.0280000000000005,136.0,-14,2016
112,112,Botswana,-0.3580000000000001,3.9739999999999998,137.0,-9,2016
113,113,Ivory Coast,0.26100000000000056,3.9160000000000004,139.0,9,2016
114,114,Cambodia,0.08800000000000008,3.907,140.0,3,2016
115,115,Niger,0.01100000000000012,3.8560000000000003,142.0,1,2016
116,116,Chad,0.09600000000000009,3.763,144.0,4,2016
117,117,Burkina Faso,0.15200000000000014,3.739,145.0,6,2016
118,118,Uganda,-0.19200000000000017,3.739,145.0,-5,2016
119,119,Yemen,-0.3530000000000002,3.7239999999999998,147.0,-9,2016
120,120,Madagascar,0.01399999999999979,3.695,148.0,-1,2016
121,121,Tanzania,-0.11499999999999977,3.6660000000000004,149.0,-3,2016
122,122,Liberia,-0.9490000000000007,3.622,150.0,-27,2016
123,123,Guinea,-0.04900000000000038,3.6069999999999998,151.0,-2,2016
124,124,Rwanda,0.050000000000000266,3.515,152.0,0,2016
125,125,Benin,0.14400000000000013,3.484,153.0,0,2016
126,0,Norway,0.0390001790000003,7.537000179,1.0,3,2017
127,1,Denmark,-0.004000163999999806,7.521999836,2.0,-1,2017
128,2,Iceland,0.003000187000000487,7.504000187000001,3.0,0,2017
129,3,Switzerland,-0.015000041999999603,7.493999958,4.0,-2,2017
130,4,Finland,0.05599986300000026,7.468999863,5.0,0,2017
131,5,Netherlands,0.03799985500000069,7.376999855,6.0,1,2017
132,6,Canada,-0.08800001499999954,7.315999985,7.0,-1,2017
133,7,New Zealand,-0.019999869999999476,7.31400013,8.0,0,2017
134,8,Sweden,-0.007000080000000075,7.28399992,9.0,1,2017
135,9,Australia,-0.02900007999999943,7.28399992,10.0,-1,2017
136,10,Israel,-0.05400017899999998,7.212999821,11.0,0,2017
137,11,Costa Rica,-0.008000004000000338,7.078999996,12.0,2,2017
138,12,Austria,-0.11299995799999962,7.006000042,13.0,-1,2017
139,13,United States,-0.11099996899999987,6.993000031,14.0,-1,2017
140,14,Ireland,0.07000023700000035,6.977000237,15.0,3,2017
141,15,Germany,-0.042999786000000206,6.951000214,16.0,-1,2017
142,16,Belgium,-0.03800020599999954,6.890999794,17.0,0,2017
143,17,Luxembourg,-0.008000083999999852,6.862999916000001,18.0,1,2017
144,18,United Kingdom,-0.010999774999999268,6.714000225,19.0,3,2017
145,19,Chile,-0.05300004999999963,6.65199995,20.0,3,2017
146,20,Brazil,-0.31699977100000076,6.635000229,22.0,-5,2017
147,21,Czech Republic,0.01300020600000007,6.609000206,23.0,4,2017
148,22,Argentina,-0.05100002300000028,6.598999977,24.0,2,2017
149,23,Mexico,-0.1999999309999998,6.578000069,25.0,-4,2017
150,24,Singapore,-0.16699997299999936,6.5720000270000005,26.0,-4,2017
151,25,Malta,0.038999950000000894,6.52699995,27.0,2,2017
152,26,Uruguay,-0.09100000399999963,6.453999996,28.0,0,2017
153,27,Guatemala,0.12999999600000045,6.453999996,29.0,7,2017
154,28,Panama,-0.24899985900000043,6.452000141,30.0,-5,2017
155,29,France,-0.036000087999998875,6.441999912000001,31.0,0,2017
156,30,Thailand,-0.050000213999999765,6.423999786,32.0,0,2017
157,31,Spain,0.0419998779999986,6.402999877999999,34.0,1,2017
158,32,Colombia,-0.12400012600000032,6.3569998739999996,36.0,-4,2017
159,33,Saudi Arabia,-0.03500013699999993,6.343999863,37.0,-2,2017
160,34,Kuwait,-0.13399998100000055,6.105000018999999,39.0,1,2017
161,35,Slovakia,0.020000050000000158,6.09800005,40.0,3,2017
162,36,Bahrain,-0.1310001070000002,6.086999893,41.0,0,2017
163,37,Malaysia,0.07900011100000004,6.084000111,42.0,3,2017
164,38,Nicaragua,0.07900009899999905,6.071000099,43.0,3,2017
165,39,Ecuador,0.03199989700000039,6.007999897,44.0,5,2017
166,40,El Salvador,-0.0650002169999997,6.002999783,45.0,-1,2017
167,41,Poland,0.1380000499999996,5.97300005,46.0,7,2017
168,42,Uzbekistan,-0.015999804999999867,5.971000195,47.0,0,2017
169,43,Italy,-0.012999774999999936,5.964000225,48.0,0,2017
170,44,Russia,0.1069998210000005,5.962999821,49.0,3,2017
171,45,Japan,-0.000999924000000263,5.920000076,51.0,0,2017
172,46,Lithuania,0.08899995000000072,5.90199995,52.0,5,2017
173,47,Algeria,-0.48299978300000035,5.872000217,53.0,-14,2017
174,48,Latvia,0.28999990500000017,5.849999905,54.0,10,2017
175,49,South Korea,0.002999821000000402,5.837999821,55.0,0,2017
176,50,Romania,0.2969998089999999,5.8249998089999995,57.0,11,2017
177,51,Bolivia,0.0009999540000000806,5.822999954,58.0,-1,2017
178,52,Turkmenistan,0.16400002700000105,5.8220000270000005,59.0,3,2017
179,53,Kazakhstan,-0.10000023299999938,5.818999767,60.0,-7,2017
180,54,Slovenia,-0.010000102999999427,5.757999897,62.0,-1,2017
181,55,Peru,-0.027999847000000244,5.715000152999999,63.0,-1,2017
182,56,Mauritius,-0.018999812999998866,5.629000187000001,64.0,0,2017
183,57,Cyprus,0.07499981299999892,5.620999812999999,65.0,2,2017
184,58,Estonia,0.09400006100000002,5.611000061,66.0,4,2017
185,59,Belarus,-0.23300023300000028,5.568999767,67.0,-7,2017
186,60,Libya,-0.08999990499999999,5.525000095,68.0,-3,2017
187,61,Turkey,0.11100000000000065,5.5,69.0,5,2017
188,62,Paraguay,-0.04499996899999914,5.493000031,70.0,-2,2017
189,63,Philippines,0.15099982799999978,5.429999828,72.0,6,2017
190,64,Serbia,0.21799998100000018,5.394999981000001,73.0,8,2017
191,65,Jordan,0.032999966000000214,5.335999966,74.0,2,2017
192,66,Hungary,0.17899988200000028,5.323999882,75.0,10,2017
193,67,Jamaica,-0.19900012999999994,5.31099987,76.0,-4,2017
194,68,Croatia,-0.19499977899999887,5.293000221000001,77.0,-4,2017
195,69,Kosovo,-0.12200019500000003,5.278999805,78.0,-4,2017
196,70,China,0.0279997630000004,5.2729997630000005,79.0,0,2017
197,71,Pakistan,0.1370000529999995,5.269000053,80.0,6,2017
198,72,Venezuela,-0.8339999999999996,5.25,82.0,-35,2017
199,73,Montenegro,0.0759999889999996,5.236999989,83.0,0,2017
200,74,Morocco,0.08400013400000006,5.235000134,84.0,1,2017
201,75,Azerbaijan,-0.056999794000000215,5.234000206,85.0,-7,2017
202,76,Dominican Republic,0.07500001899999909,5.230000018999999,86.0,-2,2017
203,77,Lebanon,0.09599990500000022,5.224999905,88.0,1,2017
204,78,Portugal,0.07200017200000097,5.195000172,89.0,1,2017
205,79,Honduras,0.31000023299999935,5.181000233,91.0,6,2017
206,80,Vietnam,0.012999881999999907,5.073999882,94.0,0,2017
207,81,Nigeria,0.19899988199999985,5.073999882,95.0,3,2017
208,82,Tajikistan,0.04499988899999963,5.040999889,96.0,0,2017
209,83,Kyrgyzstan,-0.18099981299999968,5.004000187,98.0,-12,2017
210,84,Nepal,0.16899989299999962,4.961999893,99.0,4,2017
211,85,Mongolia,0.04799992399999997,4.954999924,100.0,-2,2017
212,86,South Africa,0.36999999600000066,4.828999996,101.0,8,2017
213,87,Tunisia,-0.24000017200000023,4.804999828,102.0,-6,2017
214,88,Palestinian Territories,0.021000095000000663,4.775000095,103.0,1,2017
215,89,Egypt,0.37300013399999976,4.735000134,104.0,9,2017
216,90,Cameroon,0.1820001720000004,4.695000172,107.0,2,2017
217,91,Iran,-0.12100008799999973,4.691999912,108.0,-5,2017
218,92,Albania,-0.010999947000000176,4.644000053,109.0,-2,2017
219,93,Bangladesh,-0.03500019799999965,4.607999802,110.0,-2,2017
220,94,Kenya,0.1969999730000005,4.552999973,112.0,6,2017
221,95,Myanmar,0.15000007600000043,4.545000076,114.0,2,2017
222,96,Senegal,0.3159998470000005,4.534999847,115.0,9,2017
223,97,Zambia,-0.2810000610000003,4.513999939,116.0,-10,2017
224,98,Gabon,0.34400015299999964,4.465000153,118.0,11,2017
225,99,Ethiopia,-0.04799996199999956,4.460000038,119.0,-6,2017
226,100,Sri Lanka,0.025000056999999742,4.440000057,120.0,-5,2017
227,101,Armenia,0.015999927999999386,4.375999928,121.0,-2,2017
228,102,India,-0.08899994300000014,4.315000057,122.0,-6,2017
229,103,Mauritania,0.09099981699999926,4.291999817,123.0,3,2017
230,104,Congo (Brazzaville),0.05499988899999941,4.290999889,124.0,0,2017
231,105,Georgia,0.03399977499999984,4.285999775,125.0,-2,2017
232,106,Mali,0.11700005699999938,4.190000057,127.0,4,2017
233,107,Ivory Coast,0.2639998279999993,4.179999828,128.0,6,2017
234,108,Cambodia,0.26100022100000064,4.168000221000001,129.0,6,2017
235,109,Ghana,-0.15600011399999936,4.1199998860000004,131.0,-7,2017
236,110,Ukraine,-0.2279998049999996,4.096000195,132.0,-9,2017
237,111,Uganda,0.34199985100000063,4.0809998510000005,133.0,7,2017
238,112,Burkina Faso,0.2930000650000002,4.032000065,134.0,5,2017
239,113,Niger,0.17199987799999983,4.027999878,135.0,2,2017
240,114,Malawi,-0.18599997100000065,3.970000029,136.0,-6,2017
241,115,Chad,0.17300010899999974,3.9360001089999996,137.0,1,2017
242,116,Zimbabwe,-0.3180000000000005,3.875,138.0,-9,2017
243,117,Botswana,-0.20799996799999976,3.766000032,142.0,-5,2017
244,118,Benin,0.1730000650000001,3.657000065,143.0,7,2017
245,119,Madagascar,-0.05099994699999977,3.644000053,144.0,1,2017
246,120,Haiti,-0.42500007400000017,3.6029999260000003,145.0,-9,2017
247,121,Yemen,-0.13100006499999983,3.592999935,146.0,-2,2017
248,122,Liberia,-0.08900000800000019,3.5329999919999997,148.0,0,2017
249,123,Guinea,-0.10000003099999999,3.5069999689999998,149.0,0,2017
250,124,Rwanda,-0.04400004399999968,3.4709999560000004,151.0,0,2017
251,125,Tanzania,-0.3170000230000003,3.348999977,153.0,-4,2017
252,0,Finland,0.16300013700000093,7.632000000000001,1.0,4,2018
253,1,Norway,0.056999820999999784,7.593999999999999,2.0,-1,2018
254,2,Denmark,0.03300016399999972,7.555,3.0,-1,2018
255,3,Iceland,-0.009000187000000714,7.495,4.0,-1,2018
256,4,Switzerland,-0.006999957999999751,7.487,5.0,-1,2018
257,5,Netherlands,0.06400014499999962,7.441,6.0,0,2018
258,6,Canada,0.012000014999999031,7.327999999999999,7.0,0,2018
259,7,New Zealand,0.009999869999999689,7.324,8.0,0,2018
260,8,Sweden,0.030000079999999762,7.314,9.0,0,2018
261,9,Australia,-0.011999920000000053,7.272,10.0,0,2018
262,10,United Kingdom,0.475999775,7.19,11.0,8,2018
263,11,Austria,0.1329999579999992,7.138999999999999,12.0,1,2018
264,12,Costa Rica,-0.00699999600000023,7.072,13.0,-1,2018
265,13,Ireland,-2.370000000695427e-07,6.977,14.0,1,2018
266,14,Germany,0.013999786000000292,6.965,15.0,1,2018
267,15,Belgium,0.036000206000000645,6.9270000000000005,16.0,1,2018
268,16,Luxembourg,0.04700008399999955,6.91,17.0,1,2018
269,17,United States,-0.1070000310000001,6.886,18.0,-4,2018
270,18,Israel,-0.3989998210000003,6.814,19.0,-8,2018
271,19,Czech Republic,0.10199979400000014,6.711,21.0,2,2018
272,20,Malta,0.10000005000000023,6.627000000000001,22.0,5,2018
273,21,France,0.047000087999998996,6.489,23.0,8,2018
274,22,Mexico,-0.09000006900000024,6.4879999999999995,24.0,1,2018
275,23,Chile,-0.17599995000000046,6.476,25.0,-4,2018
276,24,Panama,-0.02200014100000036,6.43,27.0,4,2018
277,25,Brazil,-0.2160002290000005,6.419,28.0,-5,2018
278,26,Argentina,-0.21099997700000017,6.388,29.0,-4,2018
279,27,Guatemala,-0.07199999599999973,6.382000000000001,30.0,0,2018
280,28,Uruguay,-0.07499999600000073,6.379,31.0,-2,2018
281,29,Saudi Arabia,0.027000137000000812,6.371,33.0,4,2018
282,30,Singapore,-0.22900002700000055,6.343,34.0,-6,2018
283,31,Malaysia,0.23799988900000013,6.322,35.0,6,2018
284,32,Spain,-0.09299987799999965,6.31,36.0,-1,2018
285,33,Colombia,-0.09699987399999976,6.26,37.0,-1,2018
286,34,Slovakia,0.0749999499999996,6.172999999999999,39.0,1,2018
287,35,El Salvador,0.16400021700000078,6.167000000000001,40.0,5,2018
288,36,Nicaragua,0.06999990100000009,6.141,41.0,2,2018
289,37,Poland,0.14999994999999977,6.122999999999999,42.0,4,2018
290,38,Bahrain,0.018000107000000654,6.105,43.0,-2,2018
291,39,Uzbekistan,0.12499980499999985,6.096,44.0,3,2018
292,40,Kuwait,-0.022000019000000037,6.082999999999999,45.0,-6,2018
293,41,Thailand,-0.35199978600000037,6.072,46.0,-11,2018
294,42,Italy,0.03599977499999962,6.0,47.0,1,2018
295,43,Ecuador,-0.0349998970000005,5.973,48.0,-4,2018
296,44,Lithuania,0.05000005000000041,5.952000000000001,50.0,2,2018
297,45,Slovenia,0.19000010299999914,5.9479999999999995,51.0,9,2018
298,46,Romania,0.12000019100000081,5.945,52.0,4,2018
299,47,Latvia,0.08300009500000005,5.933,53.0,1,2018
300,48,Japan,-0.0050000759999999644,5.915,54.0,-3,2018
301,49,Mauritius,0.2619998129999992,5.891,55.0,7,2018
302,50,Jamaica,0.5790001299999998,5.89,56.0,17,2018
303,51,South Korea,0.03700017899999963,5.875,57.0,-2,2018
304,52,Russia,-0.15299982100000076,5.81,59.0,-8,2018
305,53,Kazakhstan,-0.028999767000000176,5.79,60.0,0,2018
306,54,Cyprus,0.14100018700000128,5.7620000000000005,61.0,3,2018
307,55,Bolivia,-0.07099995399999948,5.752000000000001,62.0,-4,2018
308,56,Estonia,0.1279999389999995,5.739,63.0,2,2018
309,57,Paraguay,0.18799996899999982,5.681,64.0,5,2018
310,58,Peru,-0.05200015299999983,5.662999999999999,65.0,-3,2018
311,59,Kosovo,0.38300019500000104,5.662000000000001,66.0,10,2018
312,60,Turkmenistan,-0.1860000270000004,5.636,68.0,-8,2018
313,61,Hungary,0.29600011800000026,5.62,69.0,5,2018
314,62,Libya,0.040999904999999615,5.566,70.0,-2,2018
315,63,Philippines,0.09400017200000033,5.524,71.0,0,2018
316,64,Honduras,0.32299976699999977,5.504,72.0,15,2018
317,65,Belarus,-0.08599976700000056,5.483,73.0,-6,2018
318,66,Turkey,-0.017000000000000348,5.483,74.0,-5,2018
319,67,Pakistan,0.20299994700000035,5.472,75.0,4,2018
320,68,Portugal,0.21499982799999984,5.41,77.0,10,2018
321,69,Serbia,0.0030000189999990212,5.398,78.0,-5,2018
322,70,Lebanon,0.13300009499999987,5.358,80.0,7,2018
323,71,Montenegro,0.11000001100000034,5.347,81.0,2,2018
324,72,Croatia,0.027999778999999947,5.321000000000001,82.0,-4,2018
325,73,Dominican Republic,0.07199998100000116,5.3020000000000005,83.0,3,2018
326,74,Algeria,-0.5770002170000001,5.295,84.0,-27,2018
327,75,Morocco,0.0189998659999997,5.254,85.0,-1,2018
328,76,China,-0.026999763000000065,5.246,86.0,-6,2018
329,77,Azerbaijan,-0.03300020599999964,5.2010000000000005,87.0,-2,2018
330,78,Tajikistan,0.15800011099999978,5.199,88.0,4,2018
331,79,Jordan,-0.17499996599999967,5.1610000000000005,90.0,-14,2018
332,80,Nigeria,0.0810001180000004,5.155,91.0,1,2018
333,81,Kyrgyzstan,0.1269998130000003,5.131,92.0,2,2018
334,82,Mongolia,0.170000076,5.125,94.0,3,2018
335,83,Vietnam,0.029000117999999908,5.103,95.0,-3,2018
336,84,Cameroon,0.27999982799999934,4.975,99.0,6,2018
337,85,Nepal,-0.08199989299999988,4.88,101.0,-1,2018
338,86,Venezuela,-0.44399999999999995,4.806,102.0,-14,2018
339,87,Gabon,0.2929998469999999,4.758,103.0,11,2018
340,88,Palestinian Territories,-0.032000094999999895,4.743,104.0,0,2018
341,89,South Africa,-0.1049999960000001,4.724,105.0,-3,2018
342,90,Iran,0.015000087999999856,4.707,106.0,1,2018
343,91,Ivory Coast,0.49100017200000057,4.671,107.0,16,2018
344,92,Ghana,0.5370001139999996,4.657,108.0,17,2018
345,93,Senegal,0.09600015300000031,4.631,109.0,3,2018
346,94,Tunisia,-0.21299982800000006,4.592,111.0,-7,2018
347,95,Albania,-0.058000052999999774,4.586,112.0,-3,2018
348,96,Congo (Brazzaville),0.2680001110000001,4.559,114.0,8,2018
349,97,Bangladesh,-0.10799980200000014,4.5,115.0,-4,2018
350,98,Sri Lanka,0.030999943000000307,4.471,116.0,2,2018
351,99,Mali,0.2569999430000003,4.447,118.0,7,2018
352,100,Cambodia,0.26499977899999916,4.433,120.0,8,2018
353,101,Burkina Faso,0.3919999349999994,4.4239999999999995,121.0,11,2018
354,102,Egypt,-0.31600013400000027,4.419,122.0,-13,2018
355,103,Kenya,-0.14299997300000022,4.41,124.0,-9,2018
356,104,Zambia,-0.13699993899999985,4.377,125.0,-7,2018
357,105,Mauritania,0.0640001830000001,4.356,126.0,-2,2018
358,106,Ethiopia,-0.1100000380000008,4.35,127.0,-7,2018
359,107,Georgia,0.054000225000000235,4.34,128.0,-2,2018
360,108,Armenia,-0.05499992799999909,4.321000000000001,129.0,-7,2018
361,109,Myanmar,-0.23700007600000017,4.308,130.0,-14,2018
362,110,Chad,0.3649998910000005,4.301,131.0,5,2018
363,111,India,-0.1250000569999994,4.19,133.0,-9,2018
364,112,Niger,0.13800012200000022,4.166,134.0,1,2018
365,113,Uganda,0.08000014899999996,4.1610000000000005,135.0,-2,2018
366,114,Benin,0.48399993499999994,4.141,136.0,4,2018
367,115,Ukraine,0.006999804999999526,4.103,138.0,-5,2018
368,116,Guinea,0.4570000310000002,3.964,140.0,7,2018
369,117,Madagascar,0.1299999469999995,3.7739999999999996,143.0,2,2018
370,118,Zimbabwe,-0.18300000000000027,3.6919999999999997,144.0,-2,2018
371,119,Botswana,-0.17600003200000014,3.59,146.0,-2,2018
372,120,Malawi,-0.3830000290000002,3.5869999999999997,147.0,-6,2018
373,121,Haiti,-0.020999926000000446,3.582,148.0,-1,2018
374,122,Liberia,-0.037999991999999594,3.495,149.0,0,2018
375,123,Rwanda,-0.06299995600000052,3.408,151.0,1,2018
376,124,Yemen,-0.23799993499999994,3.355,152.0,-3,2018
377,125,Tanzania,-0.045999977000000136,3.303,153.0,0,2018
378,0,Finland,0.13699999999999957,7.769,1.0,0,2019
379,1,Denmark,0.04499999999999993,7.6,2.0,1,2019
380,2,Norway,-0.040000000000000036,7.553999999999999,3.0,-1,2019
381,3,Iceland,-0.001000000000000334,7.494,4.0,0,2019
382,4,Netherlands,0.04699999999999971,7.4879999999999995,5.0,1,2019
383,5,Switzerland,-0.006999999999999673,7.48,6.0,-1,2019
384,6,Sweden,0.028999999999999915,7.343,7.0,2,2019
385,7,New Zealand,-0.01699999999999946,7.307,8.0,0,2019
386,8,Canada,-0.04999999999999982,7.278,9.0,-2,2019
387,9,Austria,0.1070000000000011,7.246,10.0,2,2019
388,10,Australia,-0.04400000000000048,7.228,11.0,-1,2019
389,11,Costa Rica,0.09500000000000064,7.167000000000001,12.0,1,2019
390,12,Israel,0.3249999999999993,7.138999999999999,13.0,6,2019
391,13,Luxembourg,0.17999999999999972,7.09,14.0,3,2019
392,14,United Kingdom,-0.136000000000001,7.053999999999999,15.0,-4,2019
393,15,Ireland,0.043999999999999595,7.021,16.0,-2,2019
394,16,Germany,0.020000000000000462,6.985,17.0,-2,2019
395,17,Belgium,-0.004000000000001336,6.922999999999999,18.0,-2,2019
396,18,United States,0.006000000000000227,6.892,19.0,-1,2019
397,19,Czech Republic,0.14100000000000001,6.852,20.0,0,2019
398,20,Malta,0.09899999999999931,6.726,22.0,0,2019
399,21,Mexico,0.1070000000000002,6.595,23.0,1,2019
400,22,France,0.10300000000000065,6.5920000000000005,24.0,-1,2019
401,23,Chile,-0.03200000000000003,6.444,26.0,0,2019
402,24,Guatemala,0.05399999999999938,6.436,27.0,3,2019
403,25,Saudi Arabia,0.0039999999999995595,6.375,28.0,4,2019
404,26,Spain,0.04400000000000048,6.354,30.0,6,2019
405,27,Panama,-0.1089999999999991,6.321000000000001,31.0,-3,2019
406,28,Brazil,-0.11899999999999977,6.3,32.0,-3,2019
407,29,Uruguay,-0.0860000000000003,6.292999999999999,33.0,-1,2019
408,30,Singapore,-0.08099999999999952,6.2620000000000005,34.0,0,2019
409,31,El Salvador,0.08599999999999852,6.252999999999999,35.0,4,2019
410,32,Italy,0.22299999999999986,6.223,36.0,10,2019
411,33,Bahrain,0.09399999999999942,6.199,37.0,5,2019
412,34,Slovakia,0.025000000000000355,6.1979999999999995,38.0,0,2019
413,35,Poland,0.05900000000000105,6.182,40.0,2,2019
414,36,Uzbekistan,0.0779999999999994,6.1739999999999995,41.0,3,2019
415,37,Lithuania,0.19699999999999918,6.149,42.0,7,2019
416,38,Colombia,-0.1349999999999998,6.125,43.0,-5,2019
417,39,Slovenia,0.16999999999999993,6.117999999999999,44.0,6,2019
418,40,Nicaragua,-0.03599999999999959,6.105,45.0,-4,2019
419,41,Kosovo,0.43799999999999883,6.1,46.0,18,2019
420,42,Argentina,-0.3019999999999996,6.086,47.0,-16,2019
421,43,Romania,0.125,6.07,48.0,3,2019
422,44,Cyprus,0.2839999999999998,6.046,49.0,10,2019
423,45,Ecuador,0.054999999999999716,6.028,50.0,-2,2019
424,46,Kuwait,-0.06199999999999939,6.021,51.0,-6,2019
425,47,Thailand,-0.06400000000000095,6.007999999999999,52.0,-6,2019
426,48,Latvia,0.007000000000000561,5.94,53.0,-1,2019
427,49,South Korea,0.019999999999999574,5.895,54.0,2,2019
428,50,Estonia,0.15399999999999991,5.893,55.0,6,2019
429,51,Jamaica,0.0,5.89,56.0,-1,2019
430,52,Mauritius,-0.0030000000000001137,5.888,57.0,-3,2019
431,53,Japan,-0.028999999999999915,5.886,58.0,-5,2019
432,54,Honduras,0.35600000000000076,5.86,59.0,10,2019
433,55,Kazakhstan,0.019000000000000128,5.809,60.0,-2,2019
434,56,Bolivia,0.026999999999999247,5.779,61.0,-1,2019
435,57,Hungary,0.137999999999999,5.757999999999999,62.0,4,2019
436,58,Paraguay,0.06199999999999939,5.742999999999999,63.0,-1,2019
437,59,Peru,0.034000000000000696,5.697,65.0,-1,2019
438,60,Portugal,0.2829999999999995,5.693,66.0,8,2019
439,61,Pakistan,0.18099999999999916,5.653,67.0,6,2019
440,62,Russia,-0.16199999999999992,5.648,68.0,-10,2019
441,63,Philippines,0.1070000000000002,5.631,69.0,0,2019
442,64,Serbia,0.20500000000000007,5.603,70.0,5,2019
443,65,Libya,-0.04099999999999948,5.525,72.0,-3,2019
444,66,Montenegro,0.17599999999999927,5.523,73.0,5,2019
445,67,Tajikistan,0.2680000000000007,5.4670000000000005,74.0,11,2019
446,68,Croatia,0.11099999999999977,5.432,75.0,4,2019
447,69,Dominican Republic,0.12299999999999933,5.425,77.0,4,2019
448,70,Turkey,-0.11000000000000032,5.372999999999999,79.0,-4,2019
449,71,Malaysia,-0.9830000000000005,5.3389999999999995,80.0,-40,2019
450,72,Belarus,-0.16000000000000014,5.3229999999999995,81.0,-7,2019
451,73,Mongolia,0.16000000000000014,5.285,83.0,9,2019
452,74,Nigeria,0.10999999999999943,5.265,85.0,6,2019
453,75,Kyrgyzstan,0.1299999999999999,5.261,86.0,6,2019
454,76,Turkmenistan,-0.38899999999999935,5.247000000000001,87.0,-16,2019
455,77,Algeria,-0.08399999999999963,5.211,88.0,-3,2019
456,78,Morocco,-0.04600000000000026,5.207999999999999,89.0,-3,2019
457,79,Azerbaijan,0.006999999999998785,5.207999999999999,90.0,-2,2019
458,80,Lebanon,-0.1609999999999996,5.197,91.0,-10,2019
459,81,China,-0.055000000000000604,5.191,93.0,-5,2019
460,82,Vietnam,0.07200000000000006,5.175,94.0,1,2019
461,83,Cameroon,0.06899999999999995,5.044,96.0,1,2019
462,84,Ghana,0.3390000000000004,4.996,98.0,8,2019
463,85,Ivory Coast,0.2729999999999997,4.944,99.0,6,2019
464,86,Nepal,0.03300000000000036,4.913,100.0,-1,2019
465,87,Jordan,-0.2549999999999999,4.906000000000001,101.0,-8,2019
466,88,Benin,0.742,4.883,102.0,26,2019
467,89,Congo (Brazzaville),0.2530000000000001,4.812,103.0,7,2019
468,90,Gabon,0.04099999999999948,4.7989999999999995,104.0,-3,2019
469,91,South Africa,-0.002000000000000668,4.7219999999999995,106.0,-2,2019
470,92,Albania,0.13299999999999912,4.718999999999999,107.0,3,2019
471,93,Venezuela,-0.0990000000000002,4.707,108.0,-7,2019
472,94,Cambodia,0.26700000000000035,4.7,109.0,6,2019
473,95,Palestinian Territories,-0.04699999999999971,4.696000000000001,110.0,-7,2019
474,96,Senegal,0.04999999999999982,4.681,111.0,-3,2019
475,97,Niger,0.46199999999999974,4.628,114.0,15,2019
476,98,Burkina Faso,0.16300000000000026,4.587,115.0,3,2019
477,99,Armenia,0.23799999999999955,4.559,116.0,9,2019
478,100,Iran,-0.1589999999999998,4.548,117.0,-10,2019
479,101,Guinea,0.5699999999999998,4.534,118.0,15,2019
480,102,Georgia,0.17900000000000027,4.519,119.0,5,2019
481,103,Kenya,0.09899999999999931,4.5089999999999995,121.0,0,2019
482,104,Mauritania,0.13400000000000034,4.49,122.0,1,2019
483,105,Tunisia,-0.13099999999999934,4.461,124.0,-11,2019
484,106,Bangladesh,-0.043999999999999595,4.456,125.0,-9,2019
485,107,Mali,-0.057000000000000384,4.39,128.0,-8,2019
486,108,Sri Lanka,-0.10499999999999954,4.3660000000000005,130.0,-10,2019
487,109,Myanmar,0.05200000000000049,4.36,131.0,0,2019
488,110,Chad,0.04899999999999949,4.35,132.0,0,2019
489,111,Ukraine,0.2290000000000001,4.332,133.0,4,2019
490,112,Ethiopia,-0.06399999999999917,4.2860000000000005,134.0,-6,2019
491,113,Uganda,0.02799999999999958,4.189,136.0,0,2019
492,114,Egypt,-0.2529999999999992,4.166,137.0,-12,2019
493,115,Zambia,-0.2699999999999996,4.107,138.0,-11,2019
494,116,India,-0.1750000000000007,4.015,140.0,-5,2019
495,117,Liberia,0.48,3.975,141.0,5,2019
496,118,Madagascar,0.1590000000000007,3.9330000000000003,143.0,-1,2019
497,119,Zimbabwe,-0.02899999999999947,3.6630000000000003,146.0,-1,2019
498,120,Haiti,0.015000000000000124,3.597,147.0,1,2019
499,121,Botswana,-0.10199999999999987,3.488,148.0,-2,2019
500,122,Malawi,-0.1769999999999996,3.41,150.0,-2,2019
501,123,Yemen,0.02499999999999991,3.38,151.0,1,2019
502,124,Rwanda,-0.07400000000000029,3.3339999999999996,152.0,-1,2019
503,125,Tanzania,-0.07199999999999962,3.2310000000000003,153.0,0,2019
504,0,Finland,0.039700084999999774,7.808700085,1.0,0,2020
505,1,Denmark,0.04559984200000056,7.645599842,2.0,0,2020
506,2,Switzerland,0.07989980700000032,7.559899807000001,3.0,3,2020
507,3,Iceland,0.01049991200000111,7.504499912000001,4.0,0,2020
508,4,Norway,-0.0660000839999988,7.487999916000001,5.0,-2,2020
509,5,Netherlands,-0.03909977699999967,7.448900223,6.0,-1,2020
510,6,Sweden,0.010499889000000096,7.353499889,7.0,0,2020
511,7,New Zealand,-0.007399876000000916,7.2996001239999995,8.0,0,2020
512,8,Austria,0.048199943999999384,7.294199944,9.0,1,2020
513,9,Luxembourg,0.14750019100000067,7.2375001910000005,10.0,4,2020
514,10,Canada,-0.04589998999999967,7.23210001,11.0,-2,2020
515,11,Australia,-0.005200222000000032,7.222799778,12.0,-1,2020
516,12,United Kingdom,0.110500237000001,7.164500237,13.0,2,2020
517,13,Israel,-0.010399878999999501,7.128600121,14.0,-1,2020
518,14,Costa Rica,-0.04560012100000055,7.121399879,15.0,-3,2020
519,15,Ireland,0.0726999320000008,7.093699932000001,16.0,0,2020
520,16,Germany,0.0907999420000003,7.075799942000001,17.0,0,2020
521,17,United States,0.04759999100000023,6.939599991000001,18.0,1,2020
522,18,Czech Republic,0.058900116000000224,6.9109001160000005,19.0,1,2020
523,19,Belgium,-0.05949988199999989,6.863500117999999,20.0,-2,2020
524,20,Malta,0.046799968999999386,6.772799968999999,22.0,0,2020
525,21,France,0.07179976299999868,6.663799762999999,23.0,1,2020
526,22,Mexico,-0.12999984700000056,6.465000152999999,24.0,-1,2020
527,23,Uruguay,0.147100193,6.440100192999999,26.0,6,2020
528,24,Saudi Arabia,0.03149986299999963,6.406499863,27.0,1,2020
529,25,Spain,0.04689988700000036,6.4008998870000005,28.0,1,2020
530,26,Guatemala,-0.037099967999999706,6.398900032,29.0,-2,2020
531,27,Italy,0.16440015000000052,6.38740015,30.0,5,2020
532,28,Singapore,0.11509999100000012,6.377099991000001,31.0,2,2020
533,29,Brazil,0.0755998610000006,6.375599861,32.0,-1,2020
534,30,Slovenia,0.24539998200000124,6.363399982000001,33.0,9,2020
535,31,El Salvador,0.09529998000000095,6.34829998,34.0,0,2020
536,32,Kosovo,0.22520008100000055,6.325200081,35.0,9,2020
537,33,Panama,-0.016199966000001176,6.304800033999999,36.0,-6,2020
538,34,Slovakia,0.08260007100000077,6.280600071,37.0,0,2020
539,35,Uzbekistan,0.08359983100000079,6.257599831,38.0,1,2020
540,36,Chile,-0.21550011099999988,6.228499889,39.0,-13,2020
541,37,Bahrain,0.028300167000000265,6.227300167,40.0,-4,2020
542,38,Lithuania,0.06649987799999924,6.215499877999999,41.0,-1,2020
543,39,Poland,0.0042998010000001585,6.1862998010000005,43.0,-4,2020
544,40,Colombia,0.03840017299999943,6.163400172999999,44.0,-2,2020
545,41,Cyprus,0.11299992000000003,6.15899992,45.0,3,2020
546,42,Nicaragua,0.032100219999999346,6.13710022,46.0,-2,2020
547,43,Romania,0.053700142000000284,6.123700142000001,47.0,0,2020
548,44,Kuwait,0.08109989500000037,6.102099895,48.0,2,2020
549,45,Mauritius,0.2132997629999993,6.101299762999999,49.0,7,2020
550,46,Kazakhstan,0.24889995200000037,6.0578999520000005,50.0,9,2020
551,47,Estonia,0.12880004100000075,6.0218000410000005,51.0,3,2020
552,48,Philippines,0.3750000419999999,6.006000042,52.0,15,2020
553,49,Hungary,0.24240006600000097,6.000400066,53.0,8,2020
554,50,Thailand,-0.009200198999998577,5.9987998010000005,54.0,-3,2020
555,51,Argentina,-0.11130002600000033,5.974699974,55.0,-9,2020
556,52,Honduras,0.09319986299999883,5.953199862999999,56.0,2,2020
557,53,Latvia,0.009999808999999082,5.9499998089999995,57.0,-5,2020
558,54,Ecuador,-0.1028000139999996,5.925199986,58.0,-9,2020
559,55,Portugal,0.21790011600000092,5.9109001160000005,59.0,5,2020
560,56,Jamaica,-0.00019992799999890565,5.889800072000001,60.0,-5,2020
561,57,South Korea,-0.022600192999998825,5.872399807000001,61.0,-8,2020
562,58,Japan,-0.01519998200000039,5.870800018,62.0,-5,2020
563,59,Peru,0.09980013700000079,5.796800137000001,63.0,0,2020
564,60,Serbia,0.17520015000000022,5.77820015,64.0,4,2020
565,61,Bolivia,-0.03150005700000058,5.747499942999999,65.0,-5,2020
566,62,Pakistan,0.040299770000000734,5.69329977,66.0,-1,2020
567,63,Paraguay,-0.05089995199999997,5.6921000479999995,67.0,-5,2020
568,64,Dominican Republic,0.2641999239999997,5.6891999239999995,68.0,5,2020
569,65,Tajikistan,0.08869982499999907,5.555699825,71.0,2,2020
570,66,Montenegro,0.02310014000000038,5.54610014,72.0,0,2020
571,67,Russia,-0.10199999599999998,5.546000004,73.0,-5,2020
572,68,Kyrgyzstan,0.2805000920000005,5.541500092000001,74.0,7,2020
573,69,Belarus,0.21689982600000057,5.539899826,75.0,3,2020
574,70,Croatia,0.07270018399999945,5.504700184,79.0,-2,2020
575,71,Libya,-0.0361999510000004,5.488800049,80.0,-6,2020
576,72,Mongolia,0.17120012299999932,5.4562001229999995,81.0,1,2020
577,73,Malaysia,0.04530023200000066,5.384300232,82.0,-2,2020
578,74,Vietnam,0.17849988900000024,5.353499889,83.0,8,2020
579,75,Ivory Coast,0.2893002089999994,5.233300208999999,85.0,10,2020
580,76,Benin,0.3330000799999997,5.21600008,86.0,12,2020
581,77,Congo (Brazzaville),0.3823998339999992,5.1943998339999995,88.0,12,2020
582,78,Azerbaijan,-0.04319983299999919,5.164800167,89.0,1,2020
583,79,Ghana,0.15199976300000007,5.1479997630000005,91.0,5,2020
584,80,Nepal,0.2241998789999995,5.137199879,92.0,6,2020
585,81,Turkey,-0.24119982499999892,5.131800175,93.0,-11,2020
586,82,China,-0.06710006299999982,5.123899937,94.0,-1,2020
587,83,Turkmenistan,-0.12789990600000145,5.119100093999999,95.0,-7,2020
588,84,Morocco,-0.11320000499999949,5.094799995,97.0,-6,2020
589,85,Cameroon,0.04089990200000049,5.084899902,98.0,-2,2020
590,86,Venezuela,0.34619976799999996,5.053199768,99.0,7,2020
591,87,Algeria,-0.20590022699999988,5.005099773,100.0,-10,2020
592,88,Senegal,0.29980015199999954,4.980800152,101.0,8,2020
593,89,Guinea,0.41529981199999977,4.949299812,102.0,12,2020
594,90,Niger,0.2815997809999997,4.909599781,103.0,7,2020
595,91,Albania,0.16369996600000114,4.882699966000001,105.0,1,2020
596,92,Cambodia,0.14840011600000036,4.8484001160000005,106.0,2,2020
597,93,Bangladesh,0.376799911,4.832799911,107.0,13,2020
598,94,Gabon,0.030299927000000615,4.829299927,108.0,-4,2020
599,95,South Africa,0.0920997890000006,4.814099789,109.0,-4,2020
600,96,Lebanon,-0.42549988900000013,4.771500111,111.0,-16,2020
601,97,Burkina Faso,0.1817001230000006,4.768700123,112.0,1,2020
602,98,Mali,0.33930002199999976,4.729300021999999,114.0,9,2020
603,99,Nigeria,-0.5408998869999992,4.724100113,115.0,-25,2020
604,100,Armenia,0.11779977399999986,4.676799774,116.0,-1,2020
605,101,Georgia,0.15359979199999962,4.672599792,117.0,1,2020
606,102,Iran,0.12439999800000034,4.672399998,118.0,-2,2020
607,103,Jordan,-0.27260003700000013,4.6333999630000005,119.0,-16,2020
608,104,Kenya,0.07400018300000077,4.583000183,121.0,-1,2020
609,105,Ukraine,0.22869994000000027,4.56069994,123.0,6,2020
610,106,Liberia,0.5828999519999996,4.557899952,124.0,11,2020
611,107,Palestinian Territories,-0.1431998210000005,4.552800179,125.0,-12,2020
612,108,Uganda,0.24300016000000024,4.43200016,126.0,5,2020
613,109,Chad,0.07269992800000047,4.422699928,127.0,1,2020
614,110,Tunisia,-0.06880000700000011,4.392199993,128.0,-5,2020
615,111,Mauritania,-0.1154000660000003,4.374599934,129.0,-7,2020
616,112,Sri Lanka,-0.03899985900000047,4.327000141,130.0,-4,2020
617,113,Myanmar,-0.051999912000000315,4.308000088,133.0,-4,2020
618,114,Ethiopia,-0.0997998580000008,4.186200142,136.0,-2,2020
619,115,Madagascar,0.2325998229999997,4.165599823,137.0,3,2020
620,116,Egypt,-0.014599911000000354,4.151400089,138.0,-2,2020
621,117,Zambia,-0.34760010900000005,3.759399891,141.0,-2,2020
622,118,Haiti,0.12379992299999998,3.720799923,142.0,2,2020
623,119,India,-0.4417001149999997,3.573299885,144.0,-3,2020
624,120,Malawi,0.12800010699999964,3.538000107,145.0,2,2020
625,121,Yemen,0.14740001699999983,3.5274000169999997,146.0,2,2020
626,122,Botswana,-0.009100043999999752,3.4788999560000002,147.0,-1,2020
627,123,Tanzania,0.24520010399999936,3.4762001039999997,148.0,2,2020
628,124,Rwanda,-0.021700032999999674,3.312299967,150.0,0,2020
629,125,Zimbabwe,-0.363799942,3.2992000580000003,151.0,-6,2020
